T: 1:39pm 43.83380N 79.24155W
K: 1:41pm 43.83415N 79.24098W
U: 1:42pm 43.83438N 79.24065W
V: 1:44pm 43.83400N 79.23979W
W: 1:45PM 43.83401N 79.23974W
S: 1:47pm 43.83388N 79.24041W
F: 1:50pm 43.83397N 79.24127W
Goose:  N?A

One of the locations are missing. 

or: 
T: 1:39pm 43.83380N 79.24155W
K: 1:41pm 43.83415N 79.24098W
U: 1:42pm 43.83438N 79.24065W
V:  N/A
W: 1:44pm 43.83400N 79.23979W
S: 1:45PM 43.83401N 79.23974W
F: 1:47pm 43.83388N 79.24041W
Goose: 1:50pm 43.83397N 79.24127W


 
